This is a restarting file from istep, time (t9)
   5000000
  1.00000000E+03
  5.50000000E-01  1.77451915E+01  1.77451915E+01  1.77451915E+01
  1.77451915E+01  1.77451915E-01
     1  1.00000000E+00  1
     2  1.00000000E+00  1
     3  1.00000000E+00  1
     4  1.00000000E+00  1
     5  1.00000000E+00  1
     1  6.87356510E+00  1.29444284E+01  1.13335517E-01
     2  1.65109732E+01  1.35877642E+01  1.71424605E+01
     3  5.50827889E+00  9.12425528E+00  5.20380640E-01
     4  4.46652153E+00  2.69225289E+00  1.34311499E+00
     5  3.44832070E+00  7.32986832E-01  6.47173724E+00
     1  6.87356510E+00 -7.57815291E+01  1.13335517E-01
     2  1.65109732E+01  8.45685302E+01  1.71424605E+01
     3  5.50827889E+00 -7.96017022E+01  5.20380640E-01
     4  4.46652153E+00 -6.82885131E+01  1.34311499E+00
     5  3.44832070E+00 -1.70122047E+01  6.47173724E+00
     1  2.98746302E-22 -8.75926023E-02 -8.90679369E-23
     2  1.05904654-156  8.26986471E-02  1.87131597-156
     3 -2.98746302E-22 -8.35221511E-02  8.90679369E-23
     4  1.25614949E-35 -7.52948076E-02 -6.32715672E-35
     5 -1.25614949E-35 -2.40085851E-02  6.32715672E-35
     1 -4.99966717E+00  0.00000000E+00  0.00000000E+00
     2 -4.99966717E+00  0.00000000E+00  0.00000000E+00
     3 -4.99966717E+00  0.00000000E+00  0.00000000E+00
     4 -4.99966717E+00  0.00000000E+00  0.00000000E+00
     5 -4.99966717E+00  0.00000000E+00  0.00000000E+00
     1 -5.00000000E-03  0.00000000E+00  0.00000000E+00
     2 -5.00000000E-03  0.00000000E+00  0.00000000E+00
     3 -5.00000000E-03  0.00000000E+00  0.00000000E+00
     4 -5.00000000E-03  0.00000000E+00  0.00000000E+00
     5 -5.00000000E-03  0.00000000E+00  0.00000000E+00
     1     1  0  0.00000000E+00  0.00000000E+00  0.00000000E+00
     1     2  0  0.00000000E+00  0.00000000E+00  0.00000000E+00
     1     3  0  0.00000000E+00  0.00000000E+00  0.00000000E+00
     1     4  0  0.00000000E+00  0.00000000E+00  0.00000000E+00
     1     5  0  0.00000000E+00  0.00000000E+00  0.00000000E+00
     2     1  0  0.00000000E+00  0.00000000E+00  0.00000000E+00
     2     2  0  0.00000000E+00  0.00000000E+00  0.00000000E+00
     2     3  0  0.00000000E+00  0.00000000E+00  0.00000000E+00
     2     4  0  0.00000000E+00  0.00000000E+00  0.00000000E+00
     2     5  0  0.00000000E+00  0.00000000E+00  0.00000000E+00
     3     1  0  0.00000000E+00  0.00000000E+00  0.00000000E+00
     3     2  0  0.00000000E+00  0.00000000E+00  0.00000000E+00
     3     3  0  0.00000000E+00  0.00000000E+00  0.00000000E+00
     3     4  0  0.00000000E+00  0.00000000E+00  0.00000000E+00
     3     5  0  0.00000000E+00  0.00000000E+00  0.00000000E+00
     4     1  0  0.00000000E+00  0.00000000E+00  0.00000000E+00
     4     2  0  0.00000000E+00  0.00000000E+00  0.00000000E+00
     4     3  0  0.00000000E+00  0.00000000E+00  0.00000000E+00
     4     4  0  0.00000000E+00  0.00000000E+00  0.00000000E+00
     4     5  0  0.00000000E+00  0.00000000E+00  0.00000000E+00
     5     1  0  0.00000000E+00  0.00000000E+00  0.00000000E+00
     5     2  0  0.00000000E+00  0.00000000E+00  0.00000000E+00
     5     3  0  0.00000000E+00  0.00000000E+00  0.00000000E+00
     5     4  0  0.00000000E+00  0.00000000E+00  0.00000000E+00
     5     5  0  0.00000000E+00  0.00000000E+00  0.00000000E+00
End.
