This is a restarting file from istep, time (t9)
   2500000
  5.00000000E+02
  5.50000000E-01  1.77451915E+01  1.77451915E+01  1.77451915E+01
  1.77451915E+01  1.77451915E-01
     1  1.00000000E+00  1
     2  1.00000000E+00  1
     3  1.00000000E+00  1
     4  1.00000000E+00  1
     5  1.00000000E+00  1
     1  6.87356510E+00  3.50515508E+00  1.13335517E-01
     2  1.65109732E+01  7.72882369E+00  1.71424605E+01
     3  5.50827889E+00  1.53949478E+01  5.20380640E-01
     4  4.46652153E+00  4.84927370E+00  1.34311499E+00
     5  3.44832070E+00  1.27372794E+01  6.47173724E+00
     1  6.87356510E+00 -3.19852279E+01  1.13335517E-01
     2  1.65109732E+01  4.32192067E+01  1.71424605E+01
     3  5.50827889E+00 -3.78406267E+01  5.20380640E-01
     4  4.46652153E+00 -3.06411093E+01  1.34311499E+00
     5  3.44832070E+00 -5.00791213E+00  6.47173724E+00
     1  1.15806809E-12 -8.75926023E-02 -5.91667049E-13
     2  2.28778298-139  8.26986471E-02  1.86886232-139
     3  2.72111116E-46 -8.35221511E-02 -7.86147160E-46
     4 -1.15806809E-12 -7.52948076E-02  5.91667049E-13
     5 -2.72111116E-46 -2.40085851E-02  7.86147160E-46
     1 -2.49966717E+00  0.00000000E+00  0.00000000E+00
     2 -2.49966717E+00  0.00000000E+00  0.00000000E+00
     3 -2.49966717E+00  0.00000000E+00  0.00000000E+00
     4 -2.49966717E+00  0.00000000E+00  0.00000000E+00
     5 -2.49966717E+00  0.00000000E+00  0.00000000E+00
     1 -5.00000000E-03  0.00000000E+00  0.00000000E+00
     2 -5.00000000E-03  0.00000000E+00  0.00000000E+00
     3 -5.00000000E-03  0.00000000E+00  0.00000000E+00
     4 -5.00000000E-03  0.00000000E+00  0.00000000E+00
     5 -5.00000000E-03  0.00000000E+00  0.00000000E+00
     1     1  0  0.00000000E+00  0.00000000E+00  0.00000000E+00
     1     2  0  0.00000000E+00  0.00000000E+00  0.00000000E+00
     1     3  0  0.00000000E+00  0.00000000E+00  0.00000000E+00
     1     4  0  0.00000000E+00  0.00000000E+00  0.00000000E+00
     1     5  0  0.00000000E+00  0.00000000E+00  0.00000000E+00
     2     1  0  0.00000000E+00  0.00000000E+00  0.00000000E+00
     2     2  0  0.00000000E+00  0.00000000E+00  0.00000000E+00
     2     3  0  0.00000000E+00  0.00000000E+00  0.00000000E+00
     2     4  0  0.00000000E+00  0.00000000E+00  0.00000000E+00
     2     5  0  0.00000000E+00  0.00000000E+00  0.00000000E+00
     3     1  0  0.00000000E+00  0.00000000E+00  0.00000000E+00
     3     2  0  0.00000000E+00  0.00000000E+00  0.00000000E+00
     3     3  0  0.00000000E+00  0.00000000E+00  0.00000000E+00
     3     4  0  0.00000000E+00  0.00000000E+00  0.00000000E+00
     3     5  0  0.00000000E+00  0.00000000E+00  0.00000000E+00
     4     1  0  0.00000000E+00  0.00000000E+00  0.00000000E+00
     4     2  0  0.00000000E+00  0.00000000E+00  0.00000000E+00
     4     3  0  0.00000000E+00  0.00000000E+00  0.00000000E+00
     4     4  0  0.00000000E+00  0.00000000E+00  0.00000000E+00
     4     5  0  0.00000000E+00  0.00000000E+00  0.00000000E+00
     5     1  0  0.00000000E+00  0.00000000E+00  0.00000000E+00
     5     2  0  0.00000000E+00  0.00000000E+00  0.00000000E+00
     5     3  0  0.00000000E+00  0.00000000E+00  0.00000000E+00
     5     4  0  0.00000000E+00  0.00000000E+00  0.00000000E+00
     5     5  0  0.00000000E+00  0.00000000E+00  0.00000000E+00
End.
