    1  1.0   2.34070E-32   0.00000E+00   0.00000E+00   0.00000E+00   0.00000E+00
    2  1.0   7.94738-136   0.00000E+00   0.00000E+00   0.00000E+00   0.00000E+00
    3  1.0   2.59051E-15   0.00000E+00   0.00000E+00   0.00000E+00   0.00000E+00
    4  1.0   2.59051E-15   0.00000E+00   0.00000E+00   0.00000E+00   0.00000E+00
    5  1.0   1.06865E-30   0.00000E+00   0.00000E+00   0.00000E+00   0.00000E+00
    1  1.0   2.34070E-32   0.00000E+00   0.00000E+00   0.00000E+00   0.00000E+00
    2  1.0   7.94738-136   0.00000E+00   0.00000E+00   0.00000E+00   0.00000E+00
    3  1.0   2.59051E-15   0.00000E+00   0.00000E+00   0.00000E+00   0.00000E+00
    4  1.0   2.59051E-15   0.00000E+00   0.00000E+00   0.00000E+00   0.00000E+00
    5  1.0   1.06865E-30   0.00000E+00   0.00000E+00   0.00000E+00   0.00000E+00
    1  1.0   2.34070E-32   0.00000E+00   0.00000E+00   0.00000E+00   0.00000E+00
    2  1.0   7.94738-136   0.00000E+00   0.00000E+00   0.00000E+00   0.00000E+00
    3  1.0   2.59051E-15   0.00000E+00   0.00000E+00   0.00000E+00   0.00000E+00
    4  1.0   2.59051E-15   0.00000E+00   0.00000E+00   0.00000E+00   0.00000E+00
    5  1.0   1.06865E-30   0.00000E+00   0.00000E+00   0.00000E+00   0.00000E+00
    1  1.0   2.34070E-32   0.00000E+00   0.00000E+00   0.00000E+00   0.00000E+00
    2  1.0   7.94738-136   0.00000E+00   0.00000E+00   0.00000E+00   0.00000E+00
    3  1.0   2.59051E-15   0.00000E+00   0.00000E+00   0.00000E+00   0.00000E+00
    4  1.0   2.59051E-15   0.00000E+00   0.00000E+00   0.00000E+00   0.00000E+00
    5  1.0   1.06865E-30   0.00000E+00   0.00000E+00   0.00000E+00   0.00000E+00
    1  1.0   2.34070E-32   0.00000E+00   0.00000E+00   0.00000E+00   0.00000E+00
    2  1.0   7.94738-136   0.00000E+00   0.00000E+00   0.00000E+00   0.00000E+00
    3  1.0   2.59051E-15   0.00000E+00   0.00000E+00   0.00000E+00   0.00000E+00
    4  1.0   2.59051E-15   0.00000E+00   0.00000E+00   0.00000E+00   0.00000E+00
    5  1.0   1.06865E-30   0.00000E+00   0.00000E+00   0.00000E+00   0.00000E+00
