    1  1.0   9.02511E-28   0.00000E+00   0.00000E+00   0.00000E+00   0.00000E+00
    2  1.0   5.46412-132   0.00000E+00   0.00000E+00   0.00000E+00   0.00000E+00
    3  1.0   2.46795E-43   0.00000E+00   0.00000E+00   0.00000E+00   0.00000E+00
    4  1.0   9.02511E-28   0.00000E+00   0.00000E+00   0.00000E+00   0.00000E+00
    5  1.0   9.60936E-38   0.00000E+00   0.00000E+00   0.00000E+00   0.00000E+00
    1  1.0   9.02511E-28   0.00000E+00   0.00000E+00   0.00000E+00   0.00000E+00
    2  1.0   5.46412-132   0.00000E+00   0.00000E+00   0.00000E+00   0.00000E+00
    3  1.0   2.46795E-43   0.00000E+00   0.00000E+00   0.00000E+00   0.00000E+00
    4  1.0   9.02511E-28   0.00000E+00   0.00000E+00   0.00000E+00   0.00000E+00
    5  1.0   9.60936E-38   0.00000E+00   0.00000E+00   0.00000E+00   0.00000E+00
    1  1.0   9.02511E-28   0.00000E+00   0.00000E+00   0.00000E+00   0.00000E+00
    2  1.0   5.46412-132   0.00000E+00   0.00000E+00   0.00000E+00   0.00000E+00
    3  1.0   2.46795E-43   0.00000E+00   0.00000E+00   0.00000E+00   0.00000E+00
    4  1.0   9.02511E-28   0.00000E+00   0.00000E+00   0.00000E+00   0.00000E+00
    5  1.0   9.60936E-38   0.00000E+00   0.00000E+00   0.00000E+00   0.00000E+00
    1  1.0   9.02511E-28   0.00000E+00   0.00000E+00   0.00000E+00   0.00000E+00
    2  1.0   5.46412-132   0.00000E+00   0.00000E+00   0.00000E+00   0.00000E+00
    3  1.0   2.46795E-43   0.00000E+00   0.00000E+00   0.00000E+00   0.00000E+00
    4  1.0   9.02511E-28   0.00000E+00   0.00000E+00   0.00000E+00   0.00000E+00
    5  1.0   9.60936E-38   0.00000E+00   0.00000E+00   0.00000E+00   0.00000E+00
    1  1.0   9.02511E-28   0.00000E+00   0.00000E+00   0.00000E+00   0.00000E+00
    2  1.0   5.46412-132   0.00000E+00   0.00000E+00   0.00000E+00   0.00000E+00
    3  1.0   2.46795E-43   0.00000E+00   0.00000E+00   0.00000E+00   0.00000E+00
    4  1.0   9.02511E-28   0.00000E+00   0.00000E+00   0.00000E+00   0.00000E+00
    5  1.0   9.60936E-38   0.00000E+00   0.00000E+00   0.00000E+00   0.00000E+00
