    1  1.0   4.10279E-25   0.00000E+00   0.00000E+00   0.00000E+00   0.00000E+00
    2  1.0   1.28775-136   0.00000E+00   0.00000E+00   0.00000E+00   0.00000E+00
    3  1.0   1.44231E-75   0.00000E+00   0.00000E+00   0.00000E+00   0.00000E+00
    4  1.0   4.10279E-25   0.00000E+00   0.00000E+00   0.00000E+00   0.00000E+00
    5  1.0   1.17816E-45   0.00000E+00   0.00000E+00   0.00000E+00   0.00000E+00
    1  1.0   4.10279E-25   0.00000E+00   0.00000E+00   0.00000E+00   0.00000E+00
    2  1.0   1.28775-136   0.00000E+00   0.00000E+00   0.00000E+00   0.00000E+00
    3  1.0   1.44231E-75   0.00000E+00   0.00000E+00   0.00000E+00   0.00000E+00
    4  1.0   4.10279E-25   0.00000E+00   0.00000E+00   0.00000E+00   0.00000E+00
    5  1.0   1.17816E-45   0.00000E+00   0.00000E+00   0.00000E+00   0.00000E+00
    1  1.0   4.10279E-25   0.00000E+00   0.00000E+00   0.00000E+00   0.00000E+00
    2  1.0   1.28775-136   0.00000E+00   0.00000E+00   0.00000E+00   0.00000E+00
    3  1.0   1.44231E-75   0.00000E+00   0.00000E+00   0.00000E+00   0.00000E+00
    4  1.0   4.10279E-25   0.00000E+00   0.00000E+00   0.00000E+00   0.00000E+00
    5  1.0   1.17816E-45   0.00000E+00   0.00000E+00   0.00000E+00   0.00000E+00
    1  1.0   4.10279E-25   0.00000E+00   0.00000E+00   0.00000E+00   0.00000E+00
    2  1.0   1.28775-136   0.00000E+00   0.00000E+00   0.00000E+00   0.00000E+00
    3  1.0   1.44231E-75   0.00000E+00   0.00000E+00   0.00000E+00   0.00000E+00
    4  1.0   4.10279E-25   0.00000E+00   0.00000E+00   0.00000E+00   0.00000E+00
    5  1.0   1.17816E-45   0.00000E+00   0.00000E+00   0.00000E+00   0.00000E+00
    1  1.0   4.10279E-25   0.00000E+00   0.00000E+00   0.00000E+00   0.00000E+00
    2  1.0   1.28775-136   0.00000E+00   0.00000E+00   0.00000E+00   0.00000E+00
    3  1.0   1.44231E-75   0.00000E+00   0.00000E+00   0.00000E+00   0.00000E+00
    4  1.0   4.10279E-25   0.00000E+00   0.00000E+00   0.00000E+00   0.00000E+00
    5  1.0   1.17816E-45   0.00000E+00   0.00000E+00   0.00000E+00   0.00000E+00
