    1  1.0   1.38706E-29   0.00000E+00   0.00000E+00   0.00000E+00   0.00000E+00
    2  1.0   8.73088-132   0.00000E+00   0.00000E+00   0.00000E+00   0.00000E+00
    3  1.0   2.49711E-17   0.00000E+00   0.00000E+00   0.00000E+00   0.00000E+00
    4  1.0   2.49711E-17   0.00000E+00   0.00000E+00   0.00000E+00   0.00000E+00
    5  1.0   7.92248E-34   0.00000E+00   0.00000E+00   0.00000E+00   0.00000E+00
    1  1.0   1.38706E-29   0.00000E+00   0.00000E+00   0.00000E+00   0.00000E+00
    2  1.0   8.73088-132   0.00000E+00   0.00000E+00   0.00000E+00   0.00000E+00
    3  1.0   2.49711E-17   0.00000E+00   0.00000E+00   0.00000E+00   0.00000E+00
    4  1.0   2.49711E-17   0.00000E+00   0.00000E+00   0.00000E+00   0.00000E+00
    5  1.0   7.92248E-34   0.00000E+00   0.00000E+00   0.00000E+00   0.00000E+00
    1  1.0   1.38706E-29   0.00000E+00   0.00000E+00   0.00000E+00   0.00000E+00
    2  1.0   8.73088-132   0.00000E+00   0.00000E+00   0.00000E+00   0.00000E+00
    3  1.0   2.49711E-17   0.00000E+00   0.00000E+00   0.00000E+00   0.00000E+00
    4  1.0   2.49711E-17   0.00000E+00   0.00000E+00   0.00000E+00   0.00000E+00
    5  1.0   7.92248E-34   0.00000E+00   0.00000E+00   0.00000E+00   0.00000E+00
    1  1.0   1.38706E-29   0.00000E+00   0.00000E+00   0.00000E+00   0.00000E+00
    2  1.0   8.73088-132   0.00000E+00   0.00000E+00   0.00000E+00   0.00000E+00
    3  1.0   2.49711E-17   0.00000E+00   0.00000E+00   0.00000E+00   0.00000E+00
    4  1.0   2.49711E-17   0.00000E+00   0.00000E+00   0.00000E+00   0.00000E+00
    5  1.0   7.92248E-34   0.00000E+00   0.00000E+00   0.00000E+00   0.00000E+00
    1  1.0   1.38706E-29   0.00000E+00   0.00000E+00   0.00000E+00   0.00000E+00
    2  1.0   8.73088-132   0.00000E+00   0.00000E+00   0.00000E+00   0.00000E+00
    3  1.0   2.49711E-17   0.00000E+00   0.00000E+00   0.00000E+00   0.00000E+00
    4  1.0   2.49711E-17   0.00000E+00   0.00000E+00   0.00000E+00   0.00000E+00
    5  1.0   7.92248E-34   0.00000E+00   0.00000E+00   0.00000E+00   0.00000E+00
