    1  1.0   5.44831E-26   0.00000E+00   0.00000E+00   0.00000E+00   0.00000E+00
    2  1.0   1.62769-134   0.00000E+00   0.00000E+00   0.00000E+00   0.00000E+00
    3  1.0   3.24275E-75   0.00000E+00   0.00000E+00   0.00000E+00   0.00000E+00
    4  1.0   5.44831E-26   0.00000E+00   0.00000E+00   0.00000E+00   0.00000E+00
    5  1.0   8.58132E-43   0.00000E+00   0.00000E+00   0.00000E+00   0.00000E+00
    1  1.0   5.44831E-26   0.00000E+00   0.00000E+00   0.00000E+00   0.00000E+00
    2  1.0   1.62769-134   0.00000E+00   0.00000E+00   0.00000E+00   0.00000E+00
    3  1.0   3.24275E-75   0.00000E+00   0.00000E+00   0.00000E+00   0.00000E+00
    4  1.0   5.44831E-26   0.00000E+00   0.00000E+00   0.00000E+00   0.00000E+00
    5  1.0   8.58132E-43   0.00000E+00   0.00000E+00   0.00000E+00   0.00000E+00
    1  1.0   5.44831E-26   0.00000E+00   0.00000E+00   0.00000E+00   0.00000E+00
    2  1.0   1.62769-134   0.00000E+00   0.00000E+00   0.00000E+00   0.00000E+00
    3  1.0   3.24275E-75   0.00000E+00   0.00000E+00   0.00000E+00   0.00000E+00
    4  1.0   5.44831E-26   0.00000E+00   0.00000E+00   0.00000E+00   0.00000E+00
    5  1.0   8.58132E-43   0.00000E+00   0.00000E+00   0.00000E+00   0.00000E+00
    1  1.0   5.44831E-26   0.00000E+00   0.00000E+00   0.00000E+00   0.00000E+00
    2  1.0   1.62769-134   0.00000E+00   0.00000E+00   0.00000E+00   0.00000E+00
    3  1.0   3.24275E-75   0.00000E+00   0.00000E+00   0.00000E+00   0.00000E+00
    4  1.0   5.44831E-26   0.00000E+00   0.00000E+00   0.00000E+00   0.00000E+00
    5  1.0   8.58132E-43   0.00000E+00   0.00000E+00   0.00000E+00   0.00000E+00
    1  1.0   5.44831E-26   0.00000E+00   0.00000E+00   0.00000E+00   0.00000E+00
    2  1.0   1.62769-134   0.00000E+00   0.00000E+00   0.00000E+00   0.00000E+00
    3  1.0   3.24275E-75   0.00000E+00   0.00000E+00   0.00000E+00   0.00000E+00
    4  1.0   5.44831E-26   0.00000E+00   0.00000E+00   0.00000E+00   0.00000E+00
    5  1.0   8.58132E-43   0.00000E+00   0.00000E+00   0.00000E+00   0.00000E+00
