This is a restarting file from istep, time (t9)
  12500000
  2.50000000E+03
  5.50000000E-01  1.77451915E+01  1.77451915E+01  1.77451915E+01
  1.77451915E+01  1.77451915E-01
     1  1.00000000E+00  1
     2  1.00000000E+00  1
     3  1.00000000E+00  1
     4  1.00000000E+00  1
     5  1.00000000E+00  1
     1  6.87356505E+00  5.77186597E+00  1.13335543E-01
     2  1.65109732E+01  1.34193944E+01  1.71424605E+01
     3  5.50827889E+00  8.05736914E+00  5.20380640E-01
     4  4.46652158E+00  1.39663814E+01  1.34311496E+00
     5  3.44832070E+00  2.10492218E-01  6.47173724E+00
     1  6.87356505E+00 -2.07170432E+02  1.13335543E-01
     2  1.65109732E+01  2.08616501E+02  1.71424605E+01
     3  5.50827889E+00 -2.04884929E+02  5.20380640E-01
     4  4.46652158E+00 -1.81230725E+02  1.34311496E+00
     5  3.44832070E+00 -5.30250823E+01  6.47173724E+00
     1  0.00000000E+00 -8.75926021E-02  0.00000000E+00
     2  0.00000000E+00  8.26986471E-02  0.00000000E+00
     3  0.00000000E+00 -8.35221511E-02  0.00000000E+00
     4  0.00000000E+00 -7.52948079E-02  0.00000000E+00
     5  0.00000000E+00 -2.40085851E-02  0.00000000E+00
     1  0.00000000E+00  0.00000000E+00  0.00000000E+00
     2  0.00000000E+00  0.00000000E+00  0.00000000E+00
     3  0.00000000E+00  0.00000000E+00  0.00000000E+00
     4  0.00000000E+00  0.00000000E+00  0.00000000E+00
     5  0.00000000E+00  0.00000000E+00  0.00000000E+00
     1  0.00000000E+00  0.00000000E+00  0.00000000E+00
     2  0.00000000E+00  0.00000000E+00  0.00000000E+00
     3  0.00000000E+00  0.00000000E+00  0.00000000E+00
     4  0.00000000E+00  0.00000000E+00  0.00000000E+00
     5  0.00000000E+00  0.00000000E+00  0.00000000E+00
     1     1  0  0.00000000E+00  0.00000000E+00  0.00000000E+00
     1     2  0  0.00000000E+00  0.00000000E+00  0.00000000E+00
     1     3  0  0.00000000E+00  0.00000000E+00  0.00000000E+00
     1     4  0  0.00000000E+00  0.00000000E+00  0.00000000E+00
     1     5  0  0.00000000E+00  0.00000000E+00  0.00000000E+00
     2     1  0  0.00000000E+00  0.00000000E+00  0.00000000E+00
     2     2  0  0.00000000E+00  0.00000000E+00  0.00000000E+00
     2     3  0  0.00000000E+00  0.00000000E+00  0.00000000E+00
     2     4  0  0.00000000E+00  0.00000000E+00  0.00000000E+00
     2     5  0  0.00000000E+00  0.00000000E+00  0.00000000E+00
     3     1  0  0.00000000E+00  0.00000000E+00  0.00000000E+00
     3     2  0  0.00000000E+00  0.00000000E+00  0.00000000E+00
     3     3  0  0.00000000E+00  0.00000000E+00  0.00000000E+00
     3     4  0  0.00000000E+00  0.00000000E+00  0.00000000E+00
     3     5  0  0.00000000E+00  0.00000000E+00  0.00000000E+00
     4     1  0  0.00000000E+00  0.00000000E+00  0.00000000E+00
     4     2  0  0.00000000E+00  0.00000000E+00  0.00000000E+00
     4     3  0  0.00000000E+00  0.00000000E+00  0.00000000E+00
     4     4  0  0.00000000E+00  0.00000000E+00  0.00000000E+00
     4     5  0  0.00000000E+00  0.00000000E+00  0.00000000E+00
     5     1  0  0.00000000E+00  0.00000000E+00  0.00000000E+00
     5     2  0  0.00000000E+00  0.00000000E+00  0.00000000E+00
     5     3  0  0.00000000E+00  0.00000000E+00  0.00000000E+00
     5     4  0  0.00000000E+00  0.00000000E+00  0.00000000E+00
     5     5  0  0.00000000E+00  0.00000000E+00  0.00000000E+00
End.
