    1  1.0   1.67664E-30   0.00000E+00   0.00000E+00   0.00000E+00   0.00000E+00
    2  1.0   1.46077-132   0.00000E+00   0.00000E+00   0.00000E+00   0.00000E+00
    3  1.0   1.17910E-16   0.00000E+00   0.00000E+00   0.00000E+00   0.00000E+00
    4  1.0   1.17910E-16   0.00000E+00   0.00000E+00   0.00000E+00   0.00000E+00
    5  1.0   2.19170E-32   0.00000E+00   0.00000E+00   0.00000E+00   0.00000E+00
    1  1.0   1.67664E-30   0.00000E+00   0.00000E+00   0.00000E+00   0.00000E+00
    2  1.0   1.46077-132   0.00000E+00   0.00000E+00   0.00000E+00   0.00000E+00
    3  1.0   1.17910E-16   0.00000E+00   0.00000E+00   0.00000E+00   0.00000E+00
    4  1.0   1.17910E-16   0.00000E+00   0.00000E+00   0.00000E+00   0.00000E+00
    5  1.0   2.19170E-32   0.00000E+00   0.00000E+00   0.00000E+00   0.00000E+00
    1  1.0   1.67664E-30   0.00000E+00   0.00000E+00   0.00000E+00   0.00000E+00
    2  1.0   1.46077-132   0.00000E+00   0.00000E+00   0.00000E+00   0.00000E+00
    3  1.0   1.17910E-16   0.00000E+00   0.00000E+00   0.00000E+00   0.00000E+00
    4  1.0   1.17910E-16   0.00000E+00   0.00000E+00   0.00000E+00   0.00000E+00
    5  1.0   2.19170E-32   0.00000E+00   0.00000E+00   0.00000E+00   0.00000E+00
    1  1.0   1.67664E-30   0.00000E+00   0.00000E+00   0.00000E+00   0.00000E+00
    2  1.0   1.46077-132   0.00000E+00   0.00000E+00   0.00000E+00   0.00000E+00
    3  1.0   1.17910E-16   0.00000E+00   0.00000E+00   0.00000E+00   0.00000E+00
    4  1.0   1.17910E-16   0.00000E+00   0.00000E+00   0.00000E+00   0.00000E+00
    5  1.0   2.19170E-32   0.00000E+00   0.00000E+00   0.00000E+00   0.00000E+00
    1  1.0   1.67664E-30   0.00000E+00   0.00000E+00   0.00000E+00   0.00000E+00
    2  1.0   1.46077-132   0.00000E+00   0.00000E+00   0.00000E+00   0.00000E+00
    3  1.0   1.17910E-16   0.00000E+00   0.00000E+00   0.00000E+00   0.00000E+00
    4  1.0   1.17910E-16   0.00000E+00   0.00000E+00   0.00000E+00   0.00000E+00
    5  1.0   2.19170E-32   0.00000E+00   0.00000E+00   0.00000E+00   0.00000E+00
    1  1.0   1.67664E-30   0.00000E+00   0.00000E+00   0.00000E+00   0.00000E+00
    2  1.0   1.46077-132   0.00000E+00   0.00000E+00   0.00000E+00   0.00000E+00
    3  1.0   1.17910E-16   0.00000E+00   0.00000E+00   0.00000E+00   0.00000E+00
    4  1.0   1.17910E-16   0.00000E+00   0.00000E+00   0.00000E+00   0.00000E+00
    5  1.0   2.19170E-32   0.00000E+00   0.00000E+00   0.00000E+00   0.00000E+00
