    1  1.0   1.99553E-31   0.00000E+00   0.00000E+00   0.00000E+00   0.00000E+00
    2  1.0   6.49362-134   0.00000E+00   0.00000E+00   0.00000E+00   0.00000E+00
    3  1.0   5.54092E-16   0.00000E+00   0.00000E+00   0.00000E+00   0.00000E+00
    4  1.0   5.54092E-16   0.00000E+00   0.00000E+00   0.00000E+00   0.00000E+00
    5  1.0   2.47226E-31   0.00000E+00   0.00000E+00   0.00000E+00   0.00000E+00
    1  1.0   1.99553E-31   0.00000E+00   0.00000E+00   0.00000E+00   0.00000E+00
    2  1.0   6.49362-134   0.00000E+00   0.00000E+00   0.00000E+00   0.00000E+00
    3  1.0   5.54092E-16   0.00000E+00   0.00000E+00   0.00000E+00   0.00000E+00
    4  1.0   5.54092E-16   0.00000E+00   0.00000E+00   0.00000E+00   0.00000E+00
    5  1.0   2.47226E-31   0.00000E+00   0.00000E+00   0.00000E+00   0.00000E+00
    1  1.0   1.99553E-31   0.00000E+00   0.00000E+00   0.00000E+00   0.00000E+00
    2  1.0   6.49362-134   0.00000E+00   0.00000E+00   0.00000E+00   0.00000E+00
    3  1.0   5.54092E-16   0.00000E+00   0.00000E+00   0.00000E+00   0.00000E+00
    4  1.0   5.54092E-16   0.00000E+00   0.00000E+00   0.00000E+00   0.00000E+00
    5  1.0   2.47226E-31   0.00000E+00   0.00000E+00   0.00000E+00   0.00000E+00
    1  1.0   1.99553E-31   0.00000E+00   0.00000E+00   0.00000E+00   0.00000E+00
    2  1.0   6.49362-134   0.00000E+00   0.00000E+00   0.00000E+00   0.00000E+00
    3  1.0   5.54092E-16   0.00000E+00   0.00000E+00   0.00000E+00   0.00000E+00
    4  1.0   5.54092E-16   0.00000E+00   0.00000E+00   0.00000E+00   0.00000E+00
    5  1.0   2.47226E-31   0.00000E+00   0.00000E+00   0.00000E+00   0.00000E+00
    1  1.0   1.99553E-31   0.00000E+00   0.00000E+00   0.00000E+00   0.00000E+00
    2  1.0   6.49362-134   0.00000E+00   0.00000E+00   0.00000E+00   0.00000E+00
    3  1.0   5.54092E-16   0.00000E+00   0.00000E+00   0.00000E+00   0.00000E+00
    4  1.0   5.54092E-16   0.00000E+00   0.00000E+00   0.00000E+00   0.00000E+00
    5  1.0   2.47226E-31   0.00000E+00   0.00000E+00   0.00000E+00   0.00000E+00
    1  1.0   1.99553E-31   0.00000E+00   0.00000E+00   0.00000E+00   0.00000E+00
    2  1.0   6.49362-134   0.00000E+00   0.00000E+00   0.00000E+00   0.00000E+00
    3  1.0   5.54092E-16   0.00000E+00   0.00000E+00   0.00000E+00   0.00000E+00
    4  1.0   5.54092E-16   0.00000E+00   0.00000E+00   0.00000E+00   0.00000E+00
    5  1.0   2.47226E-31   0.00000E+00   0.00000E+00   0.00000E+00   0.00000E+00
