    1  1.0   7.08258E-27   0.00000E+00   0.00000E+00   0.00000E+00   0.00000E+00
    2  1.0   5.75398-133   0.00000E+00   0.00000E+00   0.00000E+00   0.00000E+00
    3  1.0   6.92286E-63   0.00000E+00   0.00000E+00   0.00000E+00   0.00000E+00
    4  1.0   7.08258E-27   0.00000E+00   0.00000E+00   0.00000E+00   0.00000E+00
    5  1.0   3.81834E-40   0.00000E+00   0.00000E+00   0.00000E+00   0.00000E+00
    1  1.0   7.08258E-27   0.00000E+00   0.00000E+00   0.00000E+00   0.00000E+00
    2  1.0   5.75398-133   0.00000E+00   0.00000E+00   0.00000E+00   0.00000E+00
    3  1.0   6.92286E-63   0.00000E+00   0.00000E+00   0.00000E+00   0.00000E+00
    4  1.0   7.08258E-27   0.00000E+00   0.00000E+00   0.00000E+00   0.00000E+00
    5  1.0   3.81834E-40   0.00000E+00   0.00000E+00   0.00000E+00   0.00000E+00
    1  1.0   7.08258E-27   0.00000E+00   0.00000E+00   0.00000E+00   0.00000E+00
    2  1.0   5.75398-133   0.00000E+00   0.00000E+00   0.00000E+00   0.00000E+00
    3  1.0   6.92286E-63   0.00000E+00   0.00000E+00   0.00000E+00   0.00000E+00
    4  1.0   7.08258E-27   0.00000E+00   0.00000E+00   0.00000E+00   0.00000E+00
    5  1.0   3.81834E-40   0.00000E+00   0.00000E+00   0.00000E+00   0.00000E+00
    1  1.0   7.08258E-27   0.00000E+00   0.00000E+00   0.00000E+00   0.00000E+00
    2  1.0   5.75398-133   0.00000E+00   0.00000E+00   0.00000E+00   0.00000E+00
    3  1.0   6.92286E-63   0.00000E+00   0.00000E+00   0.00000E+00   0.00000E+00
    4  1.0   7.08258E-27   0.00000E+00   0.00000E+00   0.00000E+00   0.00000E+00
    5  1.0   3.81834E-40   0.00000E+00   0.00000E+00   0.00000E+00   0.00000E+00
    1  1.0   7.08258E-27   0.00000E+00   0.00000E+00   0.00000E+00   0.00000E+00
    2  1.0   5.75398-133   0.00000E+00   0.00000E+00   0.00000E+00   0.00000E+00
    3  1.0   6.92286E-63   0.00000E+00   0.00000E+00   0.00000E+00   0.00000E+00
    4  1.0   7.08258E-27   0.00000E+00   0.00000E+00   0.00000E+00   0.00000E+00
    5  1.0   3.81834E-40   0.00000E+00   0.00000E+00   0.00000E+00   0.00000E+00
    1  1.0   7.08258E-27   0.00000E+00   0.00000E+00   0.00000E+00   0.00000E+00
    2  1.0   5.75398-133   0.00000E+00   0.00000E+00   0.00000E+00   0.00000E+00
    3  1.0   6.92286E-63   0.00000E+00   0.00000E+00   0.00000E+00   0.00000E+00
    4  1.0   7.08258E-27   0.00000E+00   0.00000E+00   0.00000E+00   0.00000E+00
    5  1.0   3.81834E-40   0.00000E+00   0.00000E+00   0.00000E+00   0.00000E+00
