    1  1.0   1.96595E-38   0.00000E+00   0.00000E+00   0.00000E+00   0.00000E+00
    2  1.0   3.00172-139   0.00000E+00   0.00000E+00   0.00000E+00   0.00000E+00
    3  1.0   2.06927E-21   0.00000E+00   0.00000E+00   0.00000E+00   0.00000E+00
    4  1.0   2.06927E-21   0.00000E+00   0.00000E+00   0.00000E+00   0.00000E+00
    5  1.0   3.27116E-49   0.00000E+00   0.00000E+00   0.00000E+00   0.00000E+00
    1  1.0   1.96595E-38   0.00000E+00   0.00000E+00   0.00000E+00   0.00000E+00
    2  1.0   3.00172-139   0.00000E+00   0.00000E+00   0.00000E+00   0.00000E+00
    3  1.0   2.06927E-21   0.00000E+00   0.00000E+00   0.00000E+00   0.00000E+00
    4  1.0   2.06927E-21   0.00000E+00   0.00000E+00   0.00000E+00   0.00000E+00
    5  1.0   3.27116E-49   0.00000E+00   0.00000E+00   0.00000E+00   0.00000E+00
    1  1.0   1.96595E-38   0.00000E+00   0.00000E+00   0.00000E+00   0.00000E+00
    2  1.0   3.00172-139   0.00000E+00   0.00000E+00   0.00000E+00   0.00000E+00
    3  1.0   2.06927E-21   0.00000E+00   0.00000E+00   0.00000E+00   0.00000E+00
    4  1.0   2.06927E-21   0.00000E+00   0.00000E+00   0.00000E+00   0.00000E+00
    5  1.0   3.27116E-49   0.00000E+00   0.00000E+00   0.00000E+00   0.00000E+00
    1  1.0   1.96595E-38   0.00000E+00   0.00000E+00   0.00000E+00   0.00000E+00
    2  1.0   3.00172-139   0.00000E+00   0.00000E+00   0.00000E+00   0.00000E+00
    3  1.0   2.06927E-21   0.00000E+00   0.00000E+00   0.00000E+00   0.00000E+00
    4  1.0   2.06927E-21   0.00000E+00   0.00000E+00   0.00000E+00   0.00000E+00
    5  1.0   3.27116E-49   0.00000E+00   0.00000E+00   0.00000E+00   0.00000E+00
    1  1.0   1.96595E-38   0.00000E+00   0.00000E+00   0.00000E+00   0.00000E+00
    2  1.0   3.00172-139   0.00000E+00   0.00000E+00   0.00000E+00   0.00000E+00
    3  1.0   2.06927E-21   0.00000E+00   0.00000E+00   0.00000E+00   0.00000E+00
    4  1.0   2.06927E-21   0.00000E+00   0.00000E+00   0.00000E+00   0.00000E+00
    5  1.0   3.27116E-49   0.00000E+00   0.00000E+00   0.00000E+00   0.00000E+00
    1  1.0   1.96595E-38   0.00000E+00   0.00000E+00   0.00000E+00   0.00000E+00
    2  1.0   3.00172-139   0.00000E+00   0.00000E+00   0.00000E+00   0.00000E+00
    3  1.0   2.06927E-21   0.00000E+00   0.00000E+00   0.00000E+00   0.00000E+00
    4  1.0   2.06927E-21   0.00000E+00   0.00000E+00   0.00000E+00   0.00000E+00
    5  1.0   3.27116E-49   0.00000E+00   0.00000E+00   0.00000E+00   0.00000E+00
