    1  1.0   1.12872E-28   0.00000E+00   0.00000E+00   0.00000E+00   0.00000E+00
    2  1.0   1.35766-131   0.00000E+00   0.00000E+00   0.00000E+00   0.00000E+00
    3  1.0   8.79809E-24   0.00000E+00   0.00000E+00   0.00000E+00   0.00000E+00
    4  1.0   8.79820E-24   0.00000E+00   0.00000E+00   0.00000E+00   0.00000E+00
    5  1.0   1.26085E-35   0.00000E+00   0.00000E+00   0.00000E+00   0.00000E+00
    1  1.0   1.12872E-28   0.00000E+00   0.00000E+00   0.00000E+00   0.00000E+00
    2  1.0   1.35766-131   0.00000E+00   0.00000E+00   0.00000E+00   0.00000E+00
    3  1.0   8.79809E-24   0.00000E+00   0.00000E+00   0.00000E+00   0.00000E+00
    4  1.0   8.79820E-24   0.00000E+00   0.00000E+00   0.00000E+00   0.00000E+00
    5  1.0   1.26085E-35   0.00000E+00   0.00000E+00   0.00000E+00   0.00000E+00
    1  1.0   1.12872E-28   0.00000E+00   0.00000E+00   0.00000E+00   0.00000E+00
    2  1.0   1.35766-131   0.00000E+00   0.00000E+00   0.00000E+00   0.00000E+00
    3  1.0   8.79809E-24   0.00000E+00   0.00000E+00   0.00000E+00   0.00000E+00
    4  1.0   8.79820E-24   0.00000E+00   0.00000E+00   0.00000E+00   0.00000E+00
    5  1.0   1.26085E-35   0.00000E+00   0.00000E+00   0.00000E+00   0.00000E+00
    1  1.0   1.12872E-28   0.00000E+00   0.00000E+00   0.00000E+00   0.00000E+00
    2  1.0   1.35766-131   0.00000E+00   0.00000E+00   0.00000E+00   0.00000E+00
    3  1.0   8.79809E-24   0.00000E+00   0.00000E+00   0.00000E+00   0.00000E+00
    4  1.0   8.79820E-24   0.00000E+00   0.00000E+00   0.00000E+00   0.00000E+00
    5  1.0   1.26085E-35   0.00000E+00   0.00000E+00   0.00000E+00   0.00000E+00
    1  1.0   1.12872E-28   0.00000E+00   0.00000E+00   0.00000E+00   0.00000E+00
    2  1.0   1.35766-131   0.00000E+00   0.00000E+00   0.00000E+00   0.00000E+00
    3  1.0   8.79809E-24   0.00000E+00   0.00000E+00   0.00000E+00   0.00000E+00
    4  1.0   8.79820E-24   0.00000E+00   0.00000E+00   0.00000E+00   0.00000E+00
    5  1.0   1.26085E-35   0.00000E+00   0.00000E+00   0.00000E+00   0.00000E+00
    1  1.0   1.12872E-28   0.00000E+00   0.00000E+00   0.00000E+00   0.00000E+00
    2  1.0   1.35766-131   0.00000E+00   0.00000E+00   0.00000E+00   0.00000E+00
    3  1.0   8.79809E-24   0.00000E+00   0.00000E+00   0.00000E+00   0.00000E+00
    4  1.0   8.79820E-24   0.00000E+00   0.00000E+00   0.00000E+00   0.00000E+00
    5  1.0   1.26085E-35   0.00000E+00   0.00000E+00   0.00000E+00   0.00000E+00
